name: deep_uoeapl
channels:
  - anaconda
  - conda-forge
  - defaults
dependencies:
  - bleach=1.5.0=py35_0
  - html5lib=0.9999999=py35_0
  - tensorflow-tensorboard=1.5.1=py35hf484d3e_1
  - ca-certificates=2018.10.15=ha4d7672_0
  - certifi=2018.8.24=py35_1001
  - cloudpickle=0.6.1=py_0
  - dask-core=0.20.2=py_0
  - imageio=2.3.0=py_1
  - libtiff=4.0.9=he6b73bb_1
  - networkx=2.2=py_1
  - olefile=0.46=py_0
  - openssl=1.0.2p=h470a237_1
  - pywavelets=1.0.1=py35h7eb728f_0
  - scikit-image=0.14.0=py35hfc679d8_1
  - toolz=0.9.0=py_1
  - _tflow_1100_select=0.0.1=gpu
  - absl-py=0.4.0=py35h28b3542_0
  - astor=0.7.1=py35_0
  - backcall=0.1.0=py35_0
  - blas=1.0=mkl
  - cudatoolkit=9.2=0
  - cudnn=7.2.1=cuda9.2_0
  - cupti=9.2.148=0
  - cycler=0.10.0=py35hc4d5149_0
  - dbus=1.13.2=h714fa37_1
  - decorator=4.3.0=py35_0
  - expat=2.2.6=he6710b0_0
  - fontconfig=2.13.0=h9420a91_0
  - freetype=2.9.1=h8a8886c_1
  - gast=0.2.0=py35_0
  - glib=2.56.2=hd408876_0
  - grpcio=1.12.1=py35hdbcaa40_0
  - gst-plugins-base=1.14.0=hbbd80ab_1
  - gstreamer=1.14.0=hb453b48_1
  - icu=58.2=h9c2bf20_1
  - intel-openmp=2018.0.3=0
  - ipykernel=4.10.0=py35_0
  - ipython=6.5.0=py35_0
  - ipython_genutils=0.2.0=py35hc9e07d0_0
  - jedi=0.12.1=py35_0
  - jpeg=9b=h024ee3a_2
  - jupyter_client=5.2.3=py35_0
  - jupyter_core=4.4.0=py35_0
  - kiwisolver=1.0.1=py35hf484d3e_0
  - libedit=3.1.20170329=h6b74fdf_2
  - libffi=3.2.1=hd88cf55_4
  - libgcc-ng=8.2.0=hdf63c60_1
  - libgfortran-ng=7.3.0=hdf63c60_0
  - libpng=1.6.34=hb9fc6fc_0
  - libprotobuf=3.6.0=hdbcaa40_0
  - libsodium=1.0.16=h1bed415_0
  - libstdcxx-ng=8.2.0=hdf63c60_1
  - libuuid=1.0.3=h1bed415_2
  - libxcb=1.13=h1bed415_1
  - libxml2=2.9.8=h26e45fe_1
  - markdown=2.6.11=py35_0
  - matplotlib=3.0.0=py35h5429711_0
  - mkl=2018.0.3=1
  - mkl_fft=1.0.4=py35h4414c95_1
  - mkl_random=1.0.1=py35h629b387_0
  - ncurses=6.1=hf484d3e_0
  - numpy=1.15.0=py35h1b885b7_0
  - numpy-base=1.15.0=py35h3dfced4_0
  - parso=0.3.1=py35_0
  - pcre=8.42=h439df22_0
  - pexpect=4.6.0=py35_0
  - pickleshare=0.7.4=py35hd57304d_0
  - pillow=5.2.0=py35heded4f4_0
  - pip=10.0.1=py35_0
  - prompt_toolkit=1.0.15=py35hc09de7a_0
  - protobuf=3.6.0=py35hf484d3e_0
  - ptyprocess=0.6.0=py35_0
  - pygments=2.2.0=py35h0f41973_0
  - pyparsing=2.2.1=py35_0
  - pyqt=5.9.2=py35h05f1152_2
  - python=3.5.5=hc3d631a_4
  - python-dateutil=2.7.3=py35_0
  - pytz=2018.5=py35_0
  - pyzmq=17.1.2=py35h14c3975_0
  - qt=5.9.6=h8703b6f_2
  - readline=7.0=ha6073c6_4
  - scipy=1.1.0=py35hd20e5f9_0
  - setuptools=40.0.0=py35_0
  - simplegeneric=0.8.1=py35_2
  - sip=4.19.8=py35hf484d3e_0
  - six=1.11.0=py35h423b573_1
  - sqlite=3.24.0=h84994c4_0
  - tensorboard=1.10.0=py35hf484d3e_0
  - tensorflow=1.10.0=gpu_py35hd9c640d_0
  - tensorflow-base=1.10.0=gpu_py35had579c0_0
  - tensorflow-gpu=1.10.0=hf154084_0
  - termcolor=1.1.0=py35_1
  - tk=8.6.8=hbc83047_0
  - tornado=5.1.1=py35h7b6447c_0
  - traitlets=4.3.2=py35ha522a97_0
  - wcwidth=0.1.7=py35hcd08066_0
  - werkzeug=0.14.1=py35_0
  - wheel=0.31.1=py35_0
  - xz=5.2.4=h14c3975_4
  - zeromq=4.2.5=hf484d3e_1
  - zlib=1.2.11=ha838bed_2
  - pip:
    - atari-py==0.1.1
    - baselines==0.1.5
    - cffi==1.11.5
    - chardet==3.0.4
    - click==6.7
    - cython==0.28.5
    - dask==0.20.2
    - dill==0.2.8.2
    - future==0.16.0
    - glfw==1.7.0
    - gym==0.10.5
    - gym-apl==0.0.1
    - idna==2.7
    - joblib==0.12.2
    - mpi4py==3.0.0
    - mujoco-py==1.50.1.56
    - opencv-python==3.4.2.17
    - progressbar2==3.38.0
    - pycparser==2.18
    - pyglet==1.3.2
    - pyopengl==3.1.0
    - python-utils==2.3.0
    - requests==2.19.1
    - tqdm==4.25.0
    - urllib3==1.23
prefix: /home/simon/.conda/envs/deep_uoeapl

